
$$\begin{pmatrix}
1.82 & -6.94e-18 & -0.158 & -1.81e-15\\
-6.94e-18 & 0.501 & 1.73e-18 & -0.131\\
-0.158 & 1.73e-18 & 0.262 & -1.72e-16\\
-1.81e-15 & -0.131 & -1.72e-16 & 0.18\\
\end{pmatrix}$$

$$\begin{pmatrix}
2 & 0 & 0 & 0\\
0 & 0.667 & 0 & 0\\
0 & 0 & 0.4 & 0\\
0 & 0 & 0 & 0.286\\
\end{pmatrix}$$

$$\begin{pmatrix}
1.8 & 9.08e-18 & -0.171 & -1.83e-15\\
9.08e-18 & 0.486 & 1.01e-17 & -0.138\\
-0.171 & 1.01e-17 & 0.253 & -1.67e-16\\
-1.83e-15 & -0.138 & -1.67e-16 & 0.176\\
\end{pmatrix}$$
